1
2
5
6
7
9
11
12
13
14
15
16
18
19
20
21
23
24
25
29
30
32
33
34
35
36
37
38
40
41
42
44
46
47
48
50
52
55
56
57
58
59
60
62
63
64
65
66
67
68
69
71
72
73
75
76
77
78
79
82
83
84
86
87
88
89
90
92
93
95
96
97
98
99
100
101
102
103
105
106
108
109
110
111
112
114
115
117
119
120
121
122
124
125
127
128
130
131
132
133
134
136
137
138
139
140
142
143
144
145
146
147
148
149
151
152
153
155
156
158
159
160
161
162
163
164
165
166
167
169
170
171
172
174
175
177
178
179
180
181
183
185
186
189
190
191
192
193
194
195
197
198
200
201
202
206
207
209
210
211
212
213
214
215
217
218
219
221
222
223
224
225
226
227
228
229
230
233
234
235
236
237
238
239
240
241
242
243
244
245
246
247
248
249
250
251
252
253
254
255
256
257
258
259
261
262
264
265
266
267
270
271
272
274
276
277
279
280
281
283
284
285
287
289
291
292
293
294
295
296
297
299
300
302
303
305
306
307
308
309
311
312
313
314
316
317
319
320
321
322
323
324
325
326
328
329
331
332
333
334
335
336
337
338
339
340
342
343
345
346
347
348
349
351
353
356
357
358
359
360
361
362
363
364
365
366
367
368
370
372
373
374
375
376
377
378
380
382
383
384
385
386
387
389
390
391
392
393
394
395
397
398
399
402
403
404
405
406
407
408
409
410
412
413
415
416
417
418
419
420
421
422
423
424
426
427
428
429
430
431
432
433
434
436
437
438
439
440
441
442
443
444
445
447
448
449
450
452
453
454
455
456
458
459
460
461
463
465
467
469
470
471
472
474
475
476
477
478
479
481
482
483
484
485
486
487
488
491
492
493
494
496
497
498
499
501
502
503
505
506
507
508
509
510
511
512
513
515
516
518
519
520
521
522
523
524
525
526
527
528
529
530
531
532
533
534
535
536
537
538
539
540
542
543
544
545
546
547
548
549
550
552
553
554
556
557
558
559
560
561
563
564
565
566
568
569
572
573
574
575
579
581
582
583
584
585
586
588
589
591
592
593
594
595
596
597
598
599
600
601
602
604
606
607
608
609
610
611
612
614
615
616
618
619
620
621
622
623
624
625
626
627
628
629
630
631
632
633
634
635
636
638
639
640
642
644
645
646
647
648
649
653
654
655
657
658
659
660
661
662
663
664
665
666
668
669
670
671
672
673
674
675
676
678
680
681
682
683
685
686
687
688
689
690
691
692
693
694
695
697
698
701
702
703
704
705
706
708
709
710
711
712
714
715
717
719
720
723
724
725
726
728
729
730
731
732
733
734
735
736
737
738
739
740
741
742
743
744
745
746
747
749
751
752
753
754
755
757
758
759
760
761
762
763
764
765
766
767
768
769
770
773
774
775
776
777
778
779
781
782
783
784
785
786
787
788
789
793
794
796
799
800
801
802
803
804
805
806
807
808
810
811
812
813
814
815
816
817
819
820
821
822
824
828
829
830
831
832
833
834
835
836
837
838
839
840
841
842
844
846
847
848
849
851
854
855
856
857
858
859
860
861
862
863
865
866
867
869
870
871
876
877
878
879
880
881
882
883
884
886
887
888
890
891
893
895
896
898
899
900
901
902
903
904
906
907
908
909
910
911
914
915
916
919
920
921
922
923
924
925
927
928
930
931
932
934
935
936
937
938
939
940
942
943
944
945
946
948
949
950
952
953
954
955
956
957
958
959
960
961
963
964
965
966
967
969
972
973
974
975
976
978
979
981
982
983
984
986
987
988
989
990
991
992
993
994
995
996
997
998
999
1000
1001
1002
1004
1005
1006
1007
1008
1010
1012
1013
1015
1016
1017
1018
1020
1022
1023
1024
1025
1027
1028
1030
1031
1034
1035
1036
1037
1039
1040
1041
1042
1043
1044
1045
1048
1049
1050
1051
1054
1055
1056
1057
1058
1059
1062
1063
1064
1065
1066
1068
1069
1070
1071
1073
1074
1075
1077
1079
1080
1082
1083
1084
1086
1087
1088
1089
1090
1092
1093
1094
1097
1099
1100
1101
1104
1105
1106
1107
1108
1109
1110
1111
1114
1116
1117
1119
1120
1123
1124
1125
1129
1130
1131
1133
1135
1136
1137
1139
1140
1141
1142
1143
1144
1145
1146
1148
1149
1151
1154
1155
1156
1157
1160
1161
1162
1163
1165
1166
1167
1168
1169
1171
1172
1173
1174
1176
1178
1179
1181
1182
1183
1184
1185
1186
1187
1188
1189
1190
1191
1192
1193
1195
1197
1199
1201
1202
1203
1204
1205
1207
1208
1209
1211
1213
1214
1215
1217
1218
1219
1222
1223
1224
1225
1226
1227
1228
1229
1230
1234
1235
1236
1238
1240
1241
1242
1243
1244
1245
1246
1247
1248
1250
1251
1252
1253
1254
1255
1256
1257
1259
1260
1261
1263
1264
1265
1266
1267
1269
1270
1271
1272
1273
1274
1275
1276
1277
1278
1279
1280
1281
1283
1284
1287
1288
1289
1290
1292
1293
1294
1295
1296
1297
1298
1299
1300
1301
1302
1303
1304
1305
1306
1308
1310
1312
1313
1314
1315
1316
1317
1318
1319
1320
1321
1322
1324
1325
1327
1328
1329
1331
1332
1333
1334
1336
1337
1339
1340
1341
1342
1343
1344
1345
1346
1347
1348
1350
1351
1353
1354
1355
1356
1357
1358
1359
1360
1361
1364
1365
1366
1367
1368
1369
1371
1372
1373
1374
1376
1377
1378
1379
1381
1382
1383
1384
1385
1386
1387
1389
1390
1391
1393
1394
1395
1396
1397
1398
1399
1400
1401
1402
1403
1404
1405
1407
1409
1410
1411
1412
1413
1414
1415
1416
1418
1419
1420
1421
1422
1423
1424
1425
1426
1428
1430
1431
1432
1434
1435
1436
1437
1438
1439
1440
1441
1442
1443
1444
1445
1446
1447
1449
1450
1451
1452
1453
1454
1455
1456
1457
1458
1460
1461
1462
1464
1465
1466
1467
1468
1469
1470
1471
1473
1474
1475
1476
1477
1480
1481
1482
1483
1484
1485
1487
1488
1489
1490
1491
1492
1494
1495
1496
1498
1499
1501
1502
1503
1504
1505
1506
1507
1508
1509
1510
1511
1512
1513
1515
1516
1518
1519
1523
1524
1525
1526
1528
1529
1530
1532
1533
1534
1535
1536
1537
1538
1539
1540
1541
1542
1543
1544
1545
1546
1547
1549
1551
1553
1554
1556
1558
1559
1560
1561
1562
1563
1564
1567
1568
1569
1570
1571
1572
1573
1575
1577
1578
1579
1580
1581
1582
1584
1585
1586
1587
1588
1589
1590
1591
1592
1593
1594
1595
1596
1597
1598
1599
1600
1601
1602
1604
1605
1607
1608
1609
1611
1612
1614
1615
1616
1617
1618
1619
1620
1621
1622
1623
1625
1627
1628
1630
1631
1632
1633
1634
1635
1636
1637
1638
1639
1640
1641
1642
1643
1644
1646
1647
1650
1651
1652
1653
1654
1657
1658
1659
1660
1662
1663
1664
1665
1666
1667
1668
1669
1670
1671
1672
1673
1674
1675
1676
1677
1678
1679
1680
1681
1682
1683
1684
1685
1686
1687
1688
1689
1690
1691
1693
1696
1697
1698
1699
1700
1701
1702
1703
1705
1706
1707
1708
1710
1711
1712
1713
1714
1715
1718
1719
1720
1721
1722
1725
1727
1729
1730
1733
1734
1735
1736
1737
1738
1739
1740
1743
1744
1745
1746
1747
1748
1750
1751
1752
1753
1754
1755
1756
1757
1758
1760
1761
1762
1763
1764
1765
1766
1767
1768
1769
1770
1771
1772
1773
1774
1775
1776
1778
1779
1782
1783
1784
1787
1788
1789
1790
1791
1792
1793
1794
1795
1796
1797
1798
1799
1800
1801
1802
1803
1804
1805
1807
1809
1811
1812
1813
1814
1815
1817
1818
1819
1820
1821
1824
1827
1828
1829
1830
1831
1834
1836
1837
1838
1839
1841
1842
1843
1845
1846
1847
1849
1850
1851
1852
1854
1855
1857
1858
1859
1860
1861
1862
1863
1864
1865
1866
1867
1868
1869
1870
1871
1872
1873
1874
1875
1876
1878
1881
1882
1883
1884
1885
1886
1887
1888
1889
1891
1892
1894
1895
1896
1897
1898
1899
1900
1901
1902
1904
1905
1906
1907
1909
1910
1911
1912
1913
1914
1915
1916
1917
1918
1919
1920
1921
1922
1923
1924
1925
1926
1927
1928
1929
1931
1932
1934
1937
1938
1939
1940
1942
1943
1944
1945
1947
1948
1949
1951
1952
1953
1954
1958
1959
1960
1961
1962
1963
1964
1966
1967
1969
1970
1971
1972
1973
1974
1975
1976
1977
1979
1980
1981
1982
1985
1986
1987
1988
1989
1990
1991
1992
1993
1995
1996
1997
1998
1999
2000
2001
2006
2007
2008
2009
2011
2012
2013
2014
2015
2016
2017
2018
2019
2021
2022
2023
2024
2026
2027
2028
2029
2030
2031
2032
2033
2035
2037
2039
2040
2041
2042
2043
2044
2045
2047
2048
2049
2051
2052
2053
2056
2057
2058
2059
2060
2061
2062
2063
2064
2065
2066
2067
2068
2070
2071
2072
2073
2074
2077
2078
2079
2081
2082
2084
2085
2086
2087
2088
2089
2091
2092
2093
2095
2096
2097
2099
2100
2102
2103
2105
2106
2107
2108
2109
2110
2111
2112
2113
2114
2115
2116
2117
2118
2119
2120
2122
2123
2124
2125
2126
2127
2128
2130
2131
2133
2135
2136
2137
2139
2140
2142
2143
2144
2145
2146
2147
2148
2149
2150
2152
2153
2154
2156
2157
2158
2160
2161
2163
2164
2165
2167
2169
2171
2173
2174
2175
2177
2179
2183
2184
2188
2189
2191
2192
2193
2194
2195
2196
2197
2200
2201
2202
2203
2204
2205
2208
2209
2210
2212
2213
2214
2215
2217
2218
2220
2221
2223
2224
2225
2227
2228
2229
2230
2231
2232
2233
2234
2235
2236
2237
2238
2239
2240
2242
2243
2244
2245
2246
2247
2248
2249
2250
2251
2253
2254
2255
2256
2257
2258
2259
2260
2261
2263
2264
2265
2267
2270
2272
2273
2275
2276
2277
2279
2280
2281
2282
2283
2284
2285
2286
2287
2288
2289
2290
2291
2293
2294
2295
2296
2297
2298
2299
2300
2301
2302
2304
2305
2306
2307
2308
2311
2312
2313
2314
2315
2316
2317
2318
2319
2320
2321
2322
2323
2324
2325
2326
2327
2328
2330
2331
2332
2333
2334
2335
2336
2337
2338
2339
2340
2343
2344
2345
2346
2347
2348
2349
2351
2352
2355
2356
2357
2358
2359
2360
2361
2362
2363
2364
2365
2366
2367
2368
2369
2371
2373
2374
2376
2377
2378
2379
2381
2383
2385
2386
2387
2389
2390
2392
2393
2394
2395
2396
2397
2398
2399
2400
2401
2404
2406
2407
2408
2409
2411
2412
2413
2414
2415
2416
2417
2418
2420
2421
2422
2423
2424
2425
2426
2427
2428
2429
2431
2433
2434
2435
2436
2437
2438
2439
2440
2441
2442
2443
2444
2445
2448
2450
2451
2452
2453
2454
2455
2456
2457
2459
2460
2461
2462
2464
2465
2467
2468
2469
2470
2473
2474
2475
2476
2477
2479
2481
2483
2485
2486
2489
2490
2492
2494
2495
2496
2497
2498
2500
2502
2503
2504
2505
2507
2508
2509
2510
2511
2513
2515
2516
2517
2518
2519
2520
2521
2522
2523
2524
2526
2527
2529
2530
2531
2533
2534
2536
2537
2538
2540
2541
2543
2544
2546
2547
2548
2549
2550
2551
2554
2555
2556
2557
2558
2559
2560
2563
2564
2565
2566
2567
2570
2571
2572
2573
2574
2575
2576
2577
2578
2579
2580
2581
2582
2584
2586
2587
2588
2591
2593
2594
2595
2596
2598
2600
2601
2602
2603
2605
2606
2607
2608
2609
2610
2611
2612
2613
2614
2615
2616
2617
2618
2619
2621
2623
2624
2625
2628
2630
2631
2632
2633
2634
2635
2636
2637
2638
2641
2642
2643
2644
2645
2648
2649
2650
2651
2653
2654
2655
2656
2657
2658
2659
2660
2661
2662
2663
2664
2665
2666
2668
2669
2670
2671
2672
2673
2674
2675
2676
2677
2678
2679
2680
2681
2682
2683
2684
2685
2686
2687
2688
2689
2690
2691
2692
2693
2694
2696
2698
2699
2702
2703
2704
2705
2706
2708
2710
2711
2712
2713
2715
2716
2717
2718
2719
2720
2722
2723
2724
2726
2728
2729
2730
2731
2732
2735
2737
2738
2739
2741
2743
2745
2746
2747
2748
2749
2750
2751
2752
2753
2754
2755
2758
2761
2762
2763
2764
2765
2766
2767
2768
2769
2770
2771
2772
2773
2774
2776
2777
2778
2779
2782
2784
2785
2788
2789
2790
2791
2792
2793
2794
2796
2799
2800
2801
2803
2804
2805
2806
2808
2810
2811
2813
2814
2815
2818
2819
2820
2822
2823
2824
2825
2826
2827
2828
2829
2830
2831
2832
2834
2835
2836
2837
2838
2839
2840
2841
2843
2844
2845
2846
2847
2848
2849
2850
2851
2853
2854
2855
2856
2857
2858
2859
2860
2861
2862
2863
2864
2865
2866
2867
2868
2869
2871
2872
2873
2874
2875
2877
2878
2879
2880
2881
2882
2883
2884
2885
2886
2888
2889
2890
2891
2892
2893
2895
2896
2897
2899
2901
2902
2903
2904
2905
2906
2907
2908
2909
2910
2911
2913
2916
2917
2918
2920
2921
2922
2923
2924
2925
2928
2929
2930
2932
2933
2934
2935
2936
2937
2938
2939
2940
2941
2942
2943
2944
2946
2947
2948
2949
2950
2951
2952
2953
2955
2957
2960
2962
2964
2965
2966
2967
2968
2969
2970
2971
2972
2974
2975
2976
2977
2978
2983
2984
2985
2986
2987
2990
2991
2992
2993
2994
2995
2996
2997
2998
3000
3001
3002
3003
3005
3006
3007
3008
3009
3010
3012
3013
3014
3015
3016
3017
3018
3020
3021
3022
3023
3024
3025
3027
3029
3030
3031
3033
3034
3035
3036
3038
3040
3042
3043
3044
3045
3046
3047
3048
3049
3050
3051
3052
3053
3054
3057
3058
3060
3062
3063
3064
3065
3066
3069
3071
3072
3073
3074
3075
3076
3077
3079
3080
3082
3083
3085
3086
3088
3089
3090
3092
3097
3098
3099
3101
3102
3103
3104
3105
3106
3107
3108
3109
3110
3111
3112
3113
3114
3115
3116
3117
3118
3120
3121
3123
3124
3125
3126
3127
3129
3130
3131
3132
3133
3136
3137
3138
3140
3141
3142
3143
3144
3145
3146
3147
3149
3150
3151
3152
3153
3154
3155
3156
3158
3159
3160
3161
3162
3163
3164
3165
3166
3167
3168
3169
3170
3171
3173
3174
3175
3176
3177
3178
3179
3180
3182
3184
3185
3187
3188
3189
3190
3191
3193
3194
3195
3196
3197
3198
3200
3201
3202
3203
3205
3206
3207
3208
3209
3210
3211
3214
3215
3216
3218
3220
3221
3222
3223
3224
3226
3227
3228
3229
3232
3234
3235
3236
3237
3238
3240
3241
3243
3245
3246
3247
3248
3249
3250
3251
3252
3253
3254
3255
3256
3257
3258
3259
3260
3261
3262
3263
3264
3266
3267
3268
3269
3270
3271
3272
3273
3274
3275
3276
3277
3279
3280
3281
3283
3287
3288
3289
3290
3292
3293
3294
3295
3297
3298
3299
3300
3301
3303
3304
3305
3306
3307
3308
3309
3310
3311
3312
3314
3316
3317
3318
3319
3320
3322
3323
3324
3326
3327
3328
3329
3330
3331
3332
3333
3335
3336
3337
3338
3339
3340
3341
3342
3344
3345
3346
3347
3348
3350
3351
3352
3353
3356
3357
3360
3361
3362
3363
3366
3367
3368
3370
3371
3372
3373
3374
3376
3377
3378
3379
3380
3381
3383
3385
3386
3387
3388
3391
3392
3394
3395
3396
3397
3398
3400
3401
3402
3404
3405
3406
3407
3408
3410
3412
3414
3415
3416
3418
3419
3420
3421
3422
3423
3424
3425
3426
3427
3428
3429
3435
3438
3440
3441
3442
3443
3445
3446
3447
3449
3450
3451
3452
3453
3454
3455
3456
3457
3458
3460
3461
3462
3463
3464
3465
3466
3467
3469
3470
3471
3472
3473
3474
3475
3477
3478
3479
3480
3481
3483
3484
3486
3488
3489
3490
3493
3495
3498
3499
3501
3502
3504
3505
3506
3508
3509
3510
3514
3515
3516
3517
3518
3519
3520
3521
3522
3523
3524
3525
3526
3527
3528
3529
3531
3532
3533
3534
3535
3537
3538
3539
3540
3543
3544
3545
3547
3548
3549
3552
3554
3556
3557
3559
3561
3562
3564
3565
3566
3567
3568
3569
3571
3572
3573
3574
3576
3577
3578
3580
3581
3582
3583
3584
3585
3586
3588
3590
3591
3592
3593
3594
3595
3596
3597
3598
3599
3600
3601
3602
3603
3604
3605
3606
3607
3608
3609
3610
3611
3612
3613
3614
3615
3616
3617
3618
3621
3622
3623
3624
3625
3626
3627
3628
3629
3631
3632
3634
3635
3636
3638
3640
3641
3643
3644
3645
3646
3647
3648
3649
3650
3651
3652
3653
3654
3656
3657
3658
3661
3662
3665
3666
3667
3668
3669
3670
3671
3672
3673
3674
3675
3676
3677
3678
3679
3680
3681
3682
3683
3684
3685
3686
3687
3688
3691
3692
3693
3694
3695
3697
3699
3700
3702
3703
3704
3705
3707
3708
3709
3710
3711
3712
3713
3715
3716
3717
3718
3720
3722
3724
3726
3727
3728
3729
3730
3731
3732
3733
3734
3735
3736
3737
3739
3741
3742
3743
3744
3745
3746
3748
3751
3752
3753
3754
3755
3756
3757
3758
3759
3760
3761
3762
3763
3764
3766
3768
3769
3770
3771
3772
3773
3774
3776
3777
3778
3779
3780
3781
3782
3783
3784
3785
3786
3787
3788
3790
3793
3795
3798
3799
3800
3801
3802
3804
3805
3808
3809
3810
3811
3812
3813
3814
3815
3818
3819
3821
3822
3823
3825
3826
3828
3829
3830
3831
3832
3833
3834
3835
3837
3838
3839
3840
3841
3844
3845
3846
3847
3849
3850
3851
3852
3854
3855
3857
3858
3859
3861
3862
3863
3864
3865
3866
3867
3869
3870
3872
3873
3876
3877
3878
3879
3880
3881
3882
3883
3885
3886
3887
3888
3889
3890
3891
3892
3893
3894
3896
3897
3898
3900
3901
3904
3905
3906
3909
3910
3911
3912
3914
3916
3918
3919
3920
3921
3923
3924
3925
3926
3927
3928
3929
3930
3931
3932
3933
3934
3935
3936
3937
3938
3939
3940
3942
3943
3944
3945
3948
3950
3951
3952
3953
3954
3955
3956
3957
3958
3959
3960
3961
3962
3963
3964
3965
3967
3969
3971
3974
3975
3977
3978
3981
3982
3983
3984
3985
3986
3988
3989
3990
3991
3992
3993
3994
3995
3996
3997
3998
3999
4000
4002
4003
4004
4006
4007
4009
4010
4011
4012
4013
4014
4015
4016
4017
4018
4019
4020
4021
4022
4023
4024
4025
4026
4027
4028
4029
4030
4031
4032
4033
4034
4035
4036
4037
4039
4040
4041
4042
4044
4045
4046
4047
4049
4050
4051
4052
4053
4055
4056
4057
4058
4059
4062
4063
4064
4066
4068
4069
4070
4071
4072
4073
4076
4077
4078
4079
4080
4081
4082
4085
4086
4089
4090
4091
4093
4094
4095
4096
4097
4098
4099
4100
4101
4102
4103
4104
4105
4106
4107
4108
4109
4112
4113
4114
4115
4116
4117
4119
4120
4121
4122
4123
4124
4125
4126
4127
4128
4129
4130
4131
4133
4134
4135
4136
4138
4139
4140
4142
4144
4145
4146
4147
4150
4151
4152
4153
4154
4155
4157
4158
4159
4160
4161
4162
4163
4164
4165
4166
4169
4170
4171
4172
4173
4174
4175
4176
4177
4178
4179
4180
4181
4182
4183
4185
4186
4187
4189
4190
4192
4193
4194
4197
4198
4200
4201
4202
4203
4204
4205
4207
4208
4210
4211
4212
4214
4216
4217
4218
4219
4220
4222
4223
4224
4225
4226
4229
4231
4233
4234
4235
4236
4237
4238
4239
4240
4241
4242
4243
4244
4245
4246
4247
4248
4250
4251
4252
4253
4254
4255
4258
4259
4260
4261
4262
4263
4264
4265
4266
4267
4268
4270
4271
4272
4273
4274
4275
4276
4277
4278
4279
4280
4281
4282
4283
4284
4285
4286
4287
4288
4289
4290
4291
4292
4293
4294
4295
4296
4297
4299
4300
4302
4303
4304
4305
4306
4307
4308
4310
4312
4315
4316
4317
4318
4319
4320
4321
4322
4323
4324
4325
4327
4328
4329
4330
4331
4332
4333
4334
4335
4336
4337
4338
4339
4340
4341
4343
4344
4345
4346
4347
4348
4349
4350
4351
4352
4353
4355
4356
4357
4358
4359
4360
4363
4364
4365
4367
4368
4369
4370
4372
4373
4374
4375
4376
4377
4378
4380
4381
4382
4383
4384
4386
4387
4389
4391
4392
4393
4394
4397
4398
4399
4400
4401
4402
4404
4405
4406
4407
4408
4410
4411
4412
4414
4415
4416
4417
4418
4420
4421
4422
4424
4425
4427
4428
4429
4430
4432
4433
4434
4437
4438
4439
4440
4441
4442
4443
4445
4446
4447
4449
4450
4451
4452
4453
4454
4456
4457
4458
4460
4461
4462